GAME.DAT
GAME.DAT
 16 
 0 
 0 
BACK.GIF
DATA.GIF
 150 
 90 
 1 
 0 
 222 
 109 
 91 
 0 
-1 
 6 
 295 
 6 
 175 
 400 
 400 
 333 
 20 
 9 
 400 
 400 
 0 
 3 
 7 
 400 
 5 
 0 
 0 
 300 
 180 
 5 
 400 
 400 
 333 
 20 
 9 
 400 
 400 
 0 
 3 
 7 
 400 
 5 
 0 
 0 
 300 
 180 
 5 
 400 
 400 
 333 
 20 
 9 
 400 
 400 
 0 
 3 
 7 
 400 
 5 
 0 
 0 
 300 
 180 
 5 
 400 
 400 
 333 
 20 
 9 
 400 
 400 
 0 
 3 
 7 
 400 
 5 
 0 
 0 
 300 
 180 
 5 
 400 
 400 
 333 
 20 
 8 
 400 
 400 
 0 
 2 
 7 
 400 
 3 
 0 
 0 
 300 
 180 
 5 
 400 
 400 
 333 
 20 
 8 
 400 
 400 
 0 
 2 
 7 
 400 
 3 
 0 
 0 
 300 
 180 
 5 
 400 
 400 
 333 
 20 
 8 
 400 
 400 
 0 
 2 
 7 
 400 
 3 
 0 
 0 
 300 
 180 
 5 
 400 
 400 
 333 
 20 
 8 
 400 
 400 
 0 
 2 
 7 
 400 
 3 
 0 
 0 
 300 
 180 
 5 
 400 
 400 
 333 
 20 
 7 
 400 
 400 
 0 
 1 
 7 
 400 
 3 
 0 
 0 
 300 
 180 
 5 
 400 
 400 
 333 
 20 
 7 
 400 
 400 
 0 
 1 
 7 
 400 
 3 
 0 
 0 
 300 
 180 
 5 
 400 
 400 
 333 
 20 
 7 
 400 
 400 
 0 
 1 
 7 
 400 
 3 
 0 
 0 
 300 
 180 
 5 
 400 
 400 
 333 
 20 
 7 
 400 
 400 
 0 
 1 
 7 
 400 
 3 
 0 
 0 
 300 
 180 
 5 
 400 
 400 
 333 
 20 
 9 
 400 
 400 
 0 
 1 
 7 
 400 
 3 
 0 
 0 
 300 
 180 
 5 
 400 
 400 
 333 
 20 
 9 
 400 
 400 
 0 
 1 
 7 
 400 
 3 
 0 
 0 
 300 
 180 
 5 
 400 
 400 
 333 
 20 
 9 
 400 
 400 
 0 
 1 
 7 
 400 
 3 
 0 
 0 
 300 
 180 
 5 
 400 
 400 
 333 
 20 
 9 
 400 
 400 
 0 
 1 
 7 
 400 
 3 
 0 
 0 
 300 
 180 
 5 
 400 
 400 
 555 
 20 
 1 
 400 
 400 
 0 
 1 
 7 
 400 
 3 
 0 
 0 
 300 
 180 
 5 
 400 
 400 
 555 
 20 
 1 
 400 
 400 
 0 
 1 
 7 
 400 
 3 
 0 
 0 
 300 
 180 
 5 
 400 
 400 
 555 
 20 
 1 
 400 
 400 
 0 
 1 
 7 
 400 
 3 
 0 
 0 
 300 
 180 
 5 
 400 
 400 
 555 
 20 
 1 
 400 
 400 
 0 
 1 
 7 
 400 
 3 
 0 
 0 
 300 
 180 
 5 
 400 
 400 
 555 
 20 
 1 
 400 
 400 
 0 
 1 
 7 
 400 
 3 
 0 
 0 
 300 
 180 
 5 
 400 
 400 
 555 
 20 
 1 
 400 
 400 
 0 
 1 
 7 
 400 
 3 
 0 
 0 
 300 
 180 
 5 
 400 
 400 
 555 
 20 
 1 
 400 
 400 
 0 
 1 
 7 
 400 
 3 
 0 
 0 
 300 
 180 
 5 
 400 
 400 
 555 
 20 
 1 
 400 
 400 
 0 
 1 
 7 
 400 
 3 
 0 
 0 
 300 
 180 
 5 
 400 
 400 
 555 
 20 
 1 
 400 
 400 
 0 
 1 
 7 
 400 
 3 
 0 
 0 
 300 
 180 
 5 
